# Created by Octave 4.2.2, Tue Jun 16 18:33:50 2020 -03 <fernando@fernando-Inspiron-7580>
# name: Vvalue
# type: scalar
278.3542262612629


